input_dictionary = array([[2.72599866e-05, 1.30116782e-01, 9.07143462e-02, ...,
        4.45630177e-02, 3.92188464e-02, 4.50685398e-02],
       [5.27775470e-06, 1.55570489e-02, 1.02503034e-02, ...,
        4.26761565e-02, 3.75560329e-02, 4.31642668e-02],
       [6.78659388e-06, 1.64264667e-01, 1.16482320e-01, ...,
        6.60742717e-02, 5.82770096e-02, 6.68305137e-02],
       ...,
       [1.91849636e-06, 2.08491902e-01, 1.51043628e-01, ...,
        8.88015051e-02, 7.85394941e-02, 8.98170107e-02],
       [4.09340842e-06, 1.46673438e-01, 1.03105891e-01, ...,
        6.48595740e-02, 5.72009434e-02, 6.56005665e-02],
       [1.86467251e-05, 1.77548258e-01, 1.26727399e-01, ...,
        7.68972135e-02, 6.80033926e-02, 7.77780806e-02]])
